1427198085.740079,$VNQMR,+0.268937,+0.963139,+0.001756,+0.005745,-01.7930,+01.1394,-03.3476,+00.114,-00.055,+09.723,-00.000178,+00.000834,+00.001326*44
1427198085.762243,$VNQMR,+0.268949,+0.963136,+0.001748,+0.005737,-01.7831,+01.0955,-03.3619,+00.098,-00.040,+09.654,+00.000819,+00.000978,+00.000478*49
1427198085.780099,$VNQMR,+0.268964,+0.963132,+0.001741,+0.005748,-01.7821,+01.1538,-03.3179,+00.103,-00.045,+09.676,-00.000301,+00.000944,-00.000579*4E
1427198085.800115,$VNQMR,+0.268983,+0.963126,+0.001743,+0.005747,-01.7792,+01.1283,-03.3509,+00.094,-00.060,+09.689,+00.000193,+00.000196,+00.001097*4E
1427198085.820197,$VNQMR,+0.268987,+0.963125,+0.001737,+0.005746,-01.7895,+01.1761,-03.3920,+00.100,-00.051,+09.640,-00.000807,+00.000025,+00.000305*44
1427198085.839602,$VNQMR,+0.268996,+0.963123,+0.001739,+0.005735,-01.7901,+01.1029,-03.3695,+00.096,-00.036,+09.678,-00.000288,-00.000342,-00.000595*4A
1427198085.860134,$VNQMR,+0.269002,+0.963121,+0.001724,+0.005740,-01.7968,+01.1249,-03.3697,+00.100,-00.045,+09.662,+00.000167,-00.000501,-00.000343*43
1427198085.880124,$VNQMR,+0.269015,+0.963117,+0.001715,+0.005738,-01.7823,+01.1465,-03.3327,+00.092,-00.046,+09.664,+00.000923,-00.000737,+00.001133*47
1427198085.900098,$VNQMR,+0.269037,+0.963111,+0.001707,+0.005742,-01.7829,+01.1101,-03.3546,+00.095,-00.070,+09.672,+00.000427,-00.001374,+00.001911*45
1427198085.920892,$VNQMR,+0.269048,+0.963108,+0.001705,+0.005744,-01.7903,+01.0883,-03.3768,+00.097,-00.056,+09.702,+00.000201,+00.000201,+00.000593*45
1427198085.941696,$VNQMR,+0.269061,+0.963105,+0.001697,+0.005752,-01.7892,+01.1649,-03.3440,+00.124,-00.062,+09.679,+00.000758,-00.000895,-00.001013*46
1427198085.960026,$VNQMR,+0.269069,+0.963102,+0.001699,+0.005756,-01.7968,+01.1249,-03.3624,+00.099,-00.066,+09.692,-00.000711,-00.000124,-00.000836*43
1427198085.981047,$VNQMR,+0.269078,+0.963100,+0.001688,+0.005763,-01.7897,+01.1174,-03.3400,+00.116,-00.056,+09.705,+00.000438,-00.000105,+00.000156*41
1427198086.002013,$VNQMR,+0.269092,+0.963096,+0.001678,+0.005754,-01.7968,+01.1028,-03.3327,+00.088,-00.030,+09.692,-00.000461,-00.000589,-00.000275*4C
1427198086.020440,$VNQMR,+0.269107,+0.963092,+0.001664,+0.005769,-01.7761,+01.1174,-03.3841,+00.108,-00.064,+09.694,+00.000955,+00.000324,+00.000364*40
1427198086.043564,$VNQMR,+0.269121,+0.963088,+0.001667,+0.005756,-01.7965,+01.1321,-03.3403,+00.100,-00.077,+09.677,+00.000050,+00.000061,-00.000401*49
1427198086.060171,$VNQMR,+0.269140,+0.963083,+0.001669,+0.005761,-01.7826,+01.1246,-03.3326,+00.097,-00.060,+09.686,+00.000677,-00.000717,+00.000289*4D
1427198086.080157,$VNQMR,+0.269162,+0.963076,+0.001669,+0.005761,-01.7823,+01.1686,-03.3587,+00.090,-00.065,+09.714,-00.000445,+00.000852,+00.000659*4B
1427198086.101114,$VNQMR,+0.269168,+0.963075,+0.001673,+0.005749,-01.7900,+01.0955,-03.3547,+00.098,-00.089,+09.680,+00.000120,+00.000822,+00.000068*4A
1427198086.120730,$VNQMR,+0.269176,+0.963073,+0.001678,+0.005738,-01.7896,+01.1174,-03.3327,+00.079,-00.069,+09.700,-00.000070,+00.000021,-00.000183*49
1427198086.140133,$VNQMR,+0.269194,+0.963067,+0.001679,+0.005739,-01.7863,+01.1174,-03.3548,+00.107,-00.064,+09.689,-00.000076,-00.000264,+00.000190*47
1427198086.160468,$VNQMR,+0.269207,+0.963064,+0.001685,+0.005747,-01.7823,+01.1686,-03.3550,+00.109,-00.064,+09.697,+00.000079,-00.000876,-00.000103*4D
1427198086.181366,$VNQMR,+0.269219,+0.963060,+0.001680,+0.005750,-01.7690,+01.1173,-03.3766,+00.092,-00.063,+09.685,-00.000685,+00.000540,-00.000229*48
1427198086.199797,$VNQMR,+0.269234,+0.963056,+0.001676,+0.005749,-01.7830,+01.1101,-03.3621,+00.108,-00.067,+09.705,-00.000182,-00.000427,+00.000326*41
1427198086.220578,$VNQMR,+0.269241,+0.963054,+0.001680,+0.005753,-01.7893,+01.1613,-03.3403,+00.104,-00.067,+09.695,-00.000230,+00.000103,-00.002114*40
1427198086.241453,$VNQMR,+0.269262,+0.963048,+0.001675,+0.005764,-01.7752,+01.1684,-03.3327,+00.115,-00.064,+09.681,-00.000077,+00.000762,+00.000207*4C
1427198086.259893,$VNQMR,+0.269276,+0.963044,+0.001680,+0.005757,-01.7903,+01.0956,-03.3843,+00.094,-00.065,+09.675,-00.000347,+00.000328,+00.001105*45
1427198086.280435,$VNQMR,+0.269288,+0.963041,+0.001692,+0.005744,-01.7862,+01.1320,-03.3512,+00.075,-00.054,+09.680,-00.000341,+00.000641,+00.000477*4F
1427198086.301214,$VNQMR,+0.269299,+0.963038,+0.001694,+0.005748,-01.7965,+01.1541,-03.3626,+00.094,-00.075,+09.702,+00.000649,+00.000207,+00.000121*44
1427198086.322050,$VNQMR,+0.269304,+0.963037,+0.001691,+0.005762,-01.7819,+01.1904,-03.3330,+00.098,-00.051,+09.648,-00.000371,-00.000852,+00.000024*43
1427198086.340325,$VNQMR,+0.269311,+0.963035,+0.001699,+0.005754,-01.7899,+01.1175,-03.3623,+00.088,-00.061,+09.706,+00.000096,+00.001230,+00.000411*47
1427198086.361093,$VNQMR,+0.269321,+0.963032,+0.001690,+0.005747,-01.7903,+01.1030,-03.3844,+00.098,-00.046,+09.684,+00.000407,-00.000299,-00.000446*46
1427198086.382136,$VNQMR,+0.269324,+0.963031,+0.001677,+0.005747,-01.7830,+01.1101,-03.3621,+00.102,-00.048,+09.713,+00.000309,+00.000405,+00.000195*44
1427198086.400358,$VNQMR,+0.269338,+0.963027,+0.001678,+0.005755,-01.7754,+01.1465,-03.3327,+00.093,-00.058,+09.714,-00.000160,-00.000500,+00.000961*4E
1427198086.420767,$VNQMR,+0.269349,+0.963024,+0.001678,+0.005754,-01.7793,+01.1246,-03.3511,+00.099,-00.071,+09.674,+00.000784,+00.000794,+00.000192*44
1427198086.441553,$VNQMR,+0.269361,+0.963021,+0.001679,+0.005754,-01.7967,+01.1248,-03.3477,+00.089,-00.065,+09.713,+00.000415,+00.000306,+00.000382*43
1427198086.459880,$VNQMR,+0.269379,+0.963016,+0.001674,+0.005763,-01.7830,+01.1101,-03.3548,+00.109,-00.073,+09.680,+00.000103,-00.001049,+00.000813*4C
1427198086.480590,$VNQMR,+0.269387,+0.963013,+0.001669,+0.005759,-01.7791,+01.1539,-03.3623,+00.080,-00.062,+09.692,-00.000038,+00.000374,+00.000081*4D
1427198086.501559,$VNQMR,+0.269405,+0.963008,+0.001664,+0.005763,-01.7825,+01.1613,-03.3625,+00.092,-00.056,+09.690,+00.001322,-00.001724,+00.000709*4B
1427198086.519882,$VNQMR,+0.269418,+0.963005,+0.001668,+0.005754,-01.7821,+01.1758,-03.3330,+00.085,-00.078,+09.675,+00.000577,+00.000186,+00.000716*48
1427198086.540572,$VNQMR,+0.269432,+0.963001,+0.001674,+0.005759,-01.7757,+01.1319,-03.3474,+00.105,-00.071,+09.661,+00.000439,+00.000763,+00.000212*4E
1427198086.561391,$VNQMR,+0.269439,+0.962999,+0.001671,+0.005761,-01.7829,+01.1174,-03.3548,+00.093,-00.068,+09.685,-00.000633,-00.000067,+00.000116*43
1427198086.579890,$VNQMR,+0.269458,+0.962993,+0.001669,+0.005767,-01.7961,+01.1759,-03.3332,+00.112,-00.078,+09.678,+00.001051,+00.000294,+00.000527*4E
1427198086.600585,$VNQMR,+0.269466,+0.962991,+0.001669,+0.005759,-01.7899,+01.1028,-03.3402,+00.102,-00.061,+09.680,+00.001468,-00.000234,-00.000116*43
1427198086.621392,$VNQMR,+0.269479,+0.962988,+0.001673,+0.005743,-01.7866,+01.1322,-03.3919,+00.089,-00.067,+09.690,-00.000946,-00.000100,+00.000590*40
1427198086.640514,$VNQMR,+0.269497,+0.962983,+0.001671,+0.005742,-01.7831,+01.0954,-03.3474,+00.088,-00.057,+09.684,+00.000516,-00.001543,-00.000332*44
1427198086.660263,$VNQMR,+0.269504,+0.962981,+0.001674,+0.005740,-01.7902,+01.1029,-03.3697,+00.117,-00.084,+09.661,-00.000108,+00.000832,-00.000098*46
1427198086.680616,$VNQMR,+0.269522,+0.962976,+0.001686,+0.005744,-01.7756,+01.1392,-03.3401,+00.109,-00.067,+09.692,-00.001573,+00.000143,-00.001300*49
1427198086.699808,$VNQMR,+0.269548,+0.962968,+0.001698,+0.005744,-01.7970,+01.1250,-03.3774,+00.102,-00.064,+09.683,-00.000674,+00.000935,+00.000162*44
1427198086.720568,$VNQMR,+0.269558,+0.962966,+0.001695,+0.005746,-01.7761,+01.1027,-03.3621,+00.102,-00.037,+09.675,+00.000448,+00.000192,-00.000209*40
1427198086.741443,$VNQMR,+0.269572,+0.962962,+0.001689,+0.005746,-01.7752,+01.1684,-03.3255,+00.107,-00.059,+09.705,+00.001130,-00.000080,+00.000681*4F
1427198086.759925,$VNQMR,+0.269576,+0.962961,+0.001694,+0.005748,-01.7967,+01.1285,-03.3404,+00.091,-00.057,+09.699,-00.000438,+00.001418,+00.000108*4F
1427198086.780490,$VNQMR,+0.269599,+0.962954,+0.001693,+0.005754,-01.7825,+01.1466,-03.3329,+00.107,-00.066,+09.700,+00.000278,-00.000638,+00.001437*40
1427198086.801514,$VNQMR,+0.269618,+0.962949,+0.001686,+0.005749,-01.7757,+01.1392,-03.3475,+00.065,-00.058,+09.724,-00.001331,-00.000571,-00.000802*40
1427198086.822251,$VNQMR,+0.269641,+0.962942,+0.001690,+0.005748,-01.7898,+01.1321,-03.3551,+00.082,-00.060,+09.696,+00.000103,-00.001221,+00.000974*49
1427198086.840550,$VNQMR,+0.269652,+0.962939,+0.001693,+0.005746,-01.8113,+01.1032,-03.3849,+00.102,-00.071,+09.711,+00.000129,-00.000618,+00.000813*4A
1427198086.861462,$VNQMR,+0.269659,+0.962937,+0.001691,+0.005741,-01.7902,+01.1029,-03.3698,+00.107,-00.066,+09.697,+00.000426,+00.000429,+00.000318*45
1427198086.879928,$VNQMR,+0.269660,+0.962937,+0.001693,+0.005733,-01.7968,+01.1175,-03.3331,+00.093,-00.076,+09.684,-00.000223,+00.000201,-00.001239*49
1427198086.900876,$VNQMR,+0.269669,+0.962935,+0.001696,+0.005723,-01.7967,+01.1321,-03.3405,+00.093,-00.072,+09.712,+00.000655,-00.000051,+00.000651*4F
1427198086.920960,$VNQMR,+0.269671,+0.962934,+0.001698,+0.005729,-01.7967,+01.1248,-03.3331,+00.099,-00.068,+09.707,-00.000747,+00.000234,-00.000724*4E
1427198086.941789,$VNQMR,+0.269672,+0.962934,+0.001702,+0.005737,-01.7759,+01.1099,-03.3400,+00.093,-00.067,+09.686,-00.000864,+00.000203,-00.001696*46
1427198086.960322,$VNQMR,+0.268669,+0.963214,+0.001671,+0.005812,-01.7791,+01.1392,-03.3365,+00.033,-00.081,+09.673,-00.000880,-00.000031,-00.181575*40
1427198086.981070,$VNQMR,+0.266743,+0.963749,+0.001675,+0.005825,-01.7972,+01.1030,-03.3700,-00.031,+00.060,+09.703,-00.001824,+00.000290,-00.288755*44
1427198087.001731,$VNQMR,+0.263937,+0.964521,+0.001663,+0.005821,-01.7907,+01.0664,-03.3844,+00.159,-00.096,+09.693,+00.001792,+00.002790,-00.274399*45
1427198087.020075,$VNQMR,+0.261830,+0.965095,+0.001629,+0.005787,-01.7623,+01.1026,-03.3656,+00.056,-00.083,+09.677,+00.004179,+00.003958,-00.186221*43
1427198087.040695,$VNQMR,+0.259958,+0.965602,+0.001604,+0.005748,-01.8116,+01.0739,-03.3775,+00.065,-00.068,+09.658,+00.005718,+00.005913,-00.194149*4A
1427198087.061512,$VNQMR,+0.257697,+0.966208,+0.001597,+0.005718,-01.8189,+01.0301,-03.3626,+00.069,-00.086,+09.675,-00.004613,+00.003914,-00.231398*4A
1427198087.079913,$VNQMR,+0.255494,+0.966792,+0.001617,+0.005737,-01.8045,+01.0738,-03.3626,+00.098,-00.009,+09.688,-00.004381,-00.001910,-00.240022*47
1427198087.100877,$VNQMR,+0.252571,+0.967560,+0.001662,+0.005763,-01.8292,+01.0779,-03.4000,+00.050,+00.030,+09.696,-00.004578,+00.002630,-00.321364*47
1427198087.121828,$VNQMR,+0.249342,+0.968397,+0.001705,+0.005779,-01.8533,+01.0964,-03.3784,+00.027,-00.117,+09.678,-00.005673,+00.000594,-00.332931*4F
1427198087.140222,$VNQMR,+0.245462,+0.969388,+0.001714,+0.005766,-01.8541,+01.0306,-03.3928,+00.108,-00.205,+09.669,-00.002618,+00.001320,-00.428884*49
1427198087.161233,$VNQMR,+0.240572,+0.970613,+0.001732,+0.005756,-01.8546,+01.0051,-03.4112,+00.174,-00.060,+09.710,-00.005616,+00.001759,-00.518242*40
1427198087.182006,$VNQMR,+0.236090,+0.971713,+0.001742,+0.005748,-01.8543,+01.0160,-03.3928,+00.039,-00.017,+09.706,+00.000742,+00.003791,-00.398336*46
1427198087.200465,$VNQMR,+0.232327,+0.972620,+0.001718,+0.005690,-01.8826,+00.9797,-03.3931,+00.040,-00.068,+09.700,-00.002868,+00.004089,-00.440953*45
1427198087.221378,$VNQMR,+0.226474,+0.973999,+0.001790,+0.005730,-01.8900,+00.9579,-03.4079,+00.167,-00.283,+09.684,-00.007878,-00.001758,-00.633293*40
1427198087.239841,$VNQMR,+0.220174,+0.975442,+0.001794,+0.005747,-01.8974,+00.9435,-03.4375,+00.106,-00.212,+09.651,-00.004098,+00.000271,-00.666821*47
1427198087.260375,$VNQMR,+0.213633,+0.976896,+0.001768,+0.005729,-01.9117,+00.9144,-03.4377,-00.086,-00.041,+09.708,-00.000979,+00.002263,-00.686463*42
1427198087.281120,$VNQMR,+0.205617,+0.978614,+0.001750,+0.005704,-01.9398,+00.8634,-03.3936,+00.137,-00.010,+09.701,-00.005934,+00.004941,-00.873949*41
1427198087.300470,$VNQMR,+0.197652,+0.980254,+0.001746,+0.005675,-01.9611,+00.8564,-03.4235,+00.276,+00.079,+09.680,-00.000846,+00.006365,-00.716626*40
1427198087.320584,$VNQMR,+0.190909,+0.981590,+0.001788,+0.005694,-01.9543,+00.8344,-03.4159,-00.046,-00.132,+09.703,-00.008096,-00.001934,-00.666984*4A
1427198087.342084,$VNQMR,+0.184304,+0.982851,+0.001802,+0.005691,-01.9823,+00.8200,-03.4016,+00.215,-00.424,+09.684,-00.003073,+00.004236,-00.687458*44
1427198087.360444,$VNQMR,+0.177163,+0.984163,+0.001842,+0.005701,-01.9827,+00.7908,-03.4125,+00.008,+00.153,+09.721,-00.009731,+00.000323,-00.720338*44
1427198087.381425,$VNQMR,+0.169802,+0.985460,+0.001901,+0.005724,-01.9902,+00.7544,-03.4383,-00.110,-00.076,+09.716,-00.012653,-00.001842,-00.784569*4D
1427198087.402312,$VNQMR,+0.161940,+0.986783,+0.001881,+0.005690,-01.9978,+00.6813,-03.4233,-00.157,-00.367,+09.664,+00.003318,+00.011162,-00.831919*4F
1427198087.420687,$VNQMR,+0.152352,+0.988308,+0.001873,+0.005657,-02.0121,+00.6596,-03.4235,+00.193,-00.283,+09.726,-00.009833,+00.000054,-01.001574*44
1427198087.441637,$VNQMR,+0.141882,+0.989866,+0.001886,+0.005629,-02.0330,+00.6487,-03.4054,+00.249,-00.091,+09.747,-00.001722,+00.008470,-01.080070*40
1427198087.460029,$VNQMR,+0.131281,+0.991328,+0.001854,+0.005582,-02.0409,+00.5794,-03.4236,+00.330,+00.285,+09.713,-00.007234,+00.002731,-01.011744*4D
1427198087.480689,$VNQMR,+0.122598,+0.992439,+0.001865,+0.005599,-02.0546,+00.5795,-03.3943,+00.300,+00.357,+09.684,-00.002320,+00.000553,-00.812492*4C
1427198087.501592,$VNQMR,+0.113767,+0.993490,+0.001828,+0.005604,-02.0696,+00.5103,-03.4349,+00.324,-00.135,+09.698,-00.005407,+00.000076,-00.931438*4C
1427198087.520011,$VNQMR,+0.103335,+0.994629,+0.001886,+0.005666,-02.0838,+00.5069,-03.4536,-00.025,-00.445,+09.655,-00.014075,-00.003274,-01.110748*4D
1427198087.540800,$VNQMR,+0.091827,+0.995757,+0.001978,+0.005729,-02.0979,+00.4630,-03.4167,-00.122,-00.547,+09.647,-00.014413,-00.002008,-01.188227*44
1427198087.561679,$VNQMR,+0.079645,+0.996806,+0.001957,+0.005599,-02.1064,+00.3389,-03.4458,+00.056,-00.148,+09.643,-00.001664,+00.019238,-01.208819*45
1427198087.579942,$VNQMR,+0.069736,+0.997548,+0.001977,+0.005529,-02.1137,+00.3171,-03.4458,+00.026,+00.710,+09.744,-00.014165,+00.002463,-00.859453*4D
1427198087.600679,$VNQMR,+0.062058,+0.998055,+0.002066,+0.005567,-02.1135,+00.3170,-03.4310,+00.124,+00.027,+09.671,-00.007159,-00.001237,-00.799095*42
1427198087.621553,$VNQMR,+0.053049,+0.998574,+0.002050,+0.005573,-02.1358,+00.2150,-03.4605,+00.050,-00.369,+09.695,-00.004767,+00.000580,-01.017147*40
1427198087.639838,$VNQMR,+0.041119,+0.999137,+0.001998,+0.005545,-02.1395,+00.2188,-03.4865,+00.156,-00.517,+09.671,+00.000303,+00.005056,-01.258606*44
1427198087.660722,$VNQMR,+0.027082,+0.999616,+0.001956,+0.005463,-02.1651,+00.1131,-03.4901,+00.623,+00.470,+09.813,-00.011370,+00.011715,-01.387727*44
1427198087.681638,$VNQMR,+0.013374,+0.999893,+0.002047,+0.005500,-02.1656,+00.0619,-03.4898,+00.176,-00.417,+09.690,-00.019073,-00.001392,-01.474259*48
1427198087.700141,$VNQMR,-0.000468,+0.999983,+0.002114,+0.005482,-02.1592,+00.0253,-03.5117,+00.066,+00.371,+09.699,-00.008638,+00.006309,-01.297814*4E
1427198087.720404,$VNQMR,-0.012297,+0.999908,+0.002019,+0.005454,-02.1801,+00.0182,-03.4972,+00.174,-00.105,+09.682,+00.004860,+00.001996,-01.190037*4D
1427198087.741501,$VNQMR,-0.024470,+0.999683,+0.002012,+0.005503,-02.1672,-00.0623,-03.5336,+00.162,+00.062,+09.661,-00.009186,-00.001001,-01.226340*42
1427198087.760004,$VNQMR,-0.037302,+0.999287,+0.002064,+0.005546,-02.1825,-00.1717,-03.5480,-00.000,-00.220,+09.701,-00.010316,+00.002851,-01.309460*47
1427198087.780652,$VNQMR,-0.050629,+0.998701,+0.002070,+0.005442,-02.1866,-00.2081,-03.5775,+00.117,+00.218,+09.748,-00.015467,+00.020490,-01.354653*4B
1427198087.801781,$VNQMR,-0.064582,+0.997896,+0.002030,+0.005310,-02.1768,-00.2446,-03.6140,+00.112,-00.195,+09.642,-00.002120,+00.010178,-01.463109*4C
1427198087.820095,$VNQMR,-0.078396,+0.996906,+0.002103,+0.005342,-02.1851,-00.3615,-03.6284,-00.087,+00.118,+09.647,-00.019171,-00.003840,-01.302072*4E
1427198087.841021,$VNQMR,-0.089811,+0.995942,+0.002177,+0.005375,-02.1957,-00.3613,-03.6508,+00.086,-00.029,+09.677,-00.004768,+00.000688,-01.095575*41
1427198087.861524,$VNQMR,-0.101323,+0.994836,+0.002237,+0.005427,-02.1796,-00.4490,-03.7017,+00.246,-00.054,+09.658,-00.006933,+00.003220,-01.134925*44
1427198087.880789,$VNQMR,-0.113034,+0.993574,+0.002226,+0.005367,-02.1866,-00.4784,-03.6648,+00.185,-00.501,+09.721,-00.005604,+00.013252,-01.224014*45
1427198087.901643,$VNQMR,-0.127330,+0.991844,+0.002190,+0.005308,-02.1810,-00.5733,-03.7159,+00.061,-00.425,+09.741,-00.004067,+00.003025,-01.572777*49
1427198087.921860,$VNQMR,-0.143277,+0.989666,+0.002142,+0.005289,-02.1816,-00.6318,-03.7156,+00.021,-00.343,+09.668,-00.008118,+00.006235,-01.645139*4F
1427198087.940412,$VNQMR,-0.158026,+0.987418,+0.002149,+0.005300,-02.1475,-00.7053,-03.7294,-00.016,-00.211,+09.643,-00.008577,-00.000570,-01.403134*4F
1427198087.960722,$VNQMR,-0.171326,+0.985198,+0.002170,+0.005271,-02.1350,-00.7929,-03.8026,-00.109,+00.079,+09.700,-00.011076,+00.005811,-01.270726*44
1427198087.980710,$VNQMR,-0.183407,+0.983021,+0.002119,+0.005226,-02.1213,-00.8517,-03.7651,-00.073,-00.193,+09.701,-00.007284,+00.006355,-01.245924*40
1427198088.000376,$VNQMR,-0.195977,+0.980593,+0.002174,+0.005112,-02.0862,-00.8521,-03.7497,-00.127,+00.429,+09.711,-00.007714,+00.014308,-01.276584*4F
1427198088.019872,$VNQMR,-0.208307,+0.978048,+0.002116,+0.005051,-02.0671,-00.9984,-03.8003,-00.273,+00.061,+09.693,-00.002493,+00.007306,-01.340795*49
1427198088.039772,$VNQMR,-0.222178,+0.974991,+0.002177,+0.005023,-02.0392,-01.0354,-03.7663,+00.006,+00.559,+09.765,-00.008261,+00.001243,-01.417508*44
1427198088.060746,$VNQMR,-0.235168,+0.971939,+0.002197,+0.005055,-02.0187,-01.0796,-03.7620,+00.101,-00.251,+09.671,-00.007371,+00.002456,-01.340287*40
1427198088.080330,$VNQMR,-0.248072,+0.968726,+0.002193,+0.004977,-01.9841,-01.1532,-03.7241,+00.043,+00.196,+09.752,-00.003559,+00.009531,-01.320406*40
1427198088.100363,$VNQMR,-0.261223,+0.965263,+0.002135,+0.004990,-01.9425,-01.1977,-03.7083,-00.040,+00.396,+09.718,-00.005756,-00.004235,-01.414873*4A
1427198088.119860,$VNQMR,-0.273362,+0.961896,+0.002165,+0.004941,-01.9045,-01.2604,-03.6888,-00.250,+00.245,+09.670,-00.014671,-00.002692,-01.242841*44
1427198088.140797,$VNQMR,-0.284968,+0.958522,+0.002223,+0.004894,-01.8594,-01.2717,-03.7138,+00.139,+00.286,+09.733,-00.010508,+00.010574,-01.085604*46
1427198088.160382,$VNQMR,-0.295683,+0.955271,+0.002173,+0.004834,-01.8460,-01.3304,-03.7132,+00.125,-00.195,+09.644,-00.002502,+00.006113,-01.165893*44
1427198088.180360,$VNQMR,-0.306508,+0.951854,+0.002258,+0.004767,-01.8040,-01.3603,-03.6717,+00.232,+00.452,+09.722,-00.011101,+00.003465,-01.049478*4F
1427198088.200673,$VNQMR,-0.316128,+0.948702,+0.002229,+0.004764,-01.7761,-01.3605,-03.6897,+00.086,+00.293,+09.722,+00.000409,-00.000702,-01.035576*4D
1427198088.220337,$VNQMR,-0.326227,+0.945277,+0.002183,+0.004814,-01.7479,-01.4051,-03.6002,+00.254,+00.034,+09.680,+00.005235,+00.000068,-01.060441*42
1427198088.240612,$VNQMR,-0.335567,+0.942002,+0.002152,+0.004780,-01.7210,-01.4710,-03.6511,+00.150,-00.109,+09.701,-00.007466,+00.004451,-00.960989*4F
1427198088.261527,$VNQMR,-0.344747,+0.938681,+0.002153,+0.004756,-01.6722,-01.4862,-03.6501,+00.329,-00.215,+09.672,-00.003310,+00.003117,-00.964349*4A
1427198088.282304,$VNQMR,-0.353408,+0.935455,+0.002222,+0.004780,-01.6516,-01.5377,-03.6347,+00.149,+00.143,+09.683,-00.009030,-00.004284,-00.888365*41
1427198088.300748,$VNQMR,-0.361828,+0.932230,+0.002254,+0.004778,-01.6164,-01.5309,-03.6120,+00.124,-00.379,+09.650,-00.014462,+00.002639,-00.902396*4B
1427198088.321378,$VNQMR,-0.369336,+0.929281,+0.002254,+0.004768,-01.5922,-01.5641,-03.6076,-00.084,-00.309,+09.647,-00.006973,-00.001007,-00.846838*46
1427198088.340771,$VNQMR,-0.377077,+0.926167,+0.002210,+0.004773,-01.5676,-01.5534,-03.6036,+00.168,+00.117,+09.678,-00.000650,+00.000835,-00.813012*4E
1427198088.360655,$VNQMR,-0.386076,+0.922453,+0.002145,+0.004695,-01.5408,-01.6560,-03.6173,+00.019,-00.223,+09.679,-00.011455,+00.012317,-01.131532*40
1427198088.381435,$VNQMR,-0.395140,+0.918607,+0.002124,+0.004614,-01.4920,-01.6932,-03.6014,-00.231,+00.404,+09.704,-00.001105,+00.006445,-00.811883*46
1427198088.402487,$VNQMR,-0.402341,+0.915476,+0.002100,+0.004596,-01.4637,-01.6643,-03.5937,+00.213,+00.073,+09.706,-00.002408,+00.000918,-00.756147*44
1427198088.420684,$VNQMR,-0.407347,+0.913260,+0.002070,+0.004600,-01.4506,-01.7302,-03.6153,+00.283,-00.093,+09.703,+00.002364,+00.002413,-00.452772*4F
1427198088.441605,$VNQMR,-0.410738,+0.911740,+0.002049,+0.004611,-01.4432,-01.7158,-03.5930,+00.177,+00.244,+09.665,-00.000306,+00.000626,-00.322735*4D
1427198088.460575,$VNQMR,-0.413548,+0.910469,+0.002064,+0.004604,-01.4263,-01.7451,-03.6221,-00.108,-00.126,+09.714,-00.004240,+00.000691,-00.389720*49
1427198088.480446,$VNQMR,-0.418941,+0.908000,+0.002086,+0.004561,-01.4086,-01.7527,-03.5922,-00.355,-00.056,+09.723,-00.003681,+00.008678,-00.696914*40
1427198088.500778,$VNQMR,-0.429068,+0.903259,+0.001962,+0.004426,-01.3665,-01.7680,-03.5544,-00.016,-00.158,+09.700,-00.000473,+00.006908,-01.330335*48
1427198088.521832,$VNQMR,-0.442580,+0.896716,+0.001963,+0.004402,-01.3078,-01.8087,-03.5901,+00.411,+00.055,+09.671,-00.012017,+00.001060,-01.535303*40
1427198088.540143,$VNQMR,-0.453619,+0.891183,+0.002007,+0.004302,-01.2624,-01.8129,-03.5892,-00.061,+00.553,+09.721,-00.005647,+00.002379,-01.095549*49
1427198088.560422,$VNQMR,-0.463041,+0.886324,+0.001990,+0.004297,-01.2210,-01.8792,-03.5807,+00.069,-00.015,+09.703,-00.004621,-00.004376,-01.113257*4E
1427198088.580801,$VNQMR,-0.472595,+0.881267,+0.002002,+0.004378,-01.1864,-01.8942,-03.6022,+00.289,+00.405,+09.698,-00.001521,+00.001281,-00.954343*49
1427198088.600053,$VNQMR,-0.479381,+0.877594,+0.001962,+0.004405,-01.1515,-01.9019,-03.6015,+00.162,-00.303,+09.672,-00.000649,-00.000501,-00.753506*44
1427198088.620340,$VNQMR,-0.488320,+0.872652,+0.001984,+0.004375,-01.1020,-01.9027,-03.5415,+00.184,-00.024,+09.670,-00.020350,+00.004103,-01.160468*45
1427198088.640319,$VNQMR,-0.497435,+0.867488,+0.002016,+0.004342,-01.0601,-01.9178,-03.5332,+00.159,+00.355,+09.716,-00.002689,+00.001456,-00.931418*48
1427198088.660119,$VNQMR,-0.503687,+0.863873,+0.002014,+0.004333,-01.0294,-01.9509,-03.5768,+00.091,-00.083,+09.662,-00.005817,+00.000428,-00.638436*43
1427198088.680791,$VNQMR,-0.506865,+0.862013,+0.002024,+0.004315,-01.0187,-01.9548,-03.5471,+00.109,+00.210,+09.670,-00.002457,-00.000840,-00.192550*43
1427198088.700790,$VNQMR,-0.507152,+0.861844,+0.002028,+0.004319,-01.0251,-01.9183,-03.5252,+00.091,+00.017,+09.677,-00.000583,-00.000719,+00.001030*4F
1427198088.719961,$VNQMR,-0.507165,+0.861836,+0.002035,+0.004321,-01.0121,-01.9914,-03.5542,+00.085,+00.000,+09.689,-00.000374,-00.000101,-00.000729*46
1427198088.740396,$VNQMR,-0.507357,+0.861723,+0.002041,+0.004320,-01.0261,-01.9913,-03.5544,-00.228,+00.036,+09.717,-00.000988,-00.000714,-00.060536*4B
1427198088.760287,$VNQMR,-0.508941,+0.860789,+0.002031,+0.004306,-01.0188,-01.9842,-03.5248,+00.097,+00.021,+09.691,-00.001126,+00.000066,-00.210071*42
1427198088.780969,$VNQMR,-0.510183,+0.860053,+0.002038,+0.004313,-01.0119,-01.9842,-03.5394,+00.303,-00.010,+09.661,-00.000578,-00.001222,-00.091692*46
1427198088.801854,$VNQMR,-0.510349,+0.859954,+0.002044,+0.004313,-01.0123,-01.9877,-03.5801,+00.084,-00.034,+09.692,-00.000226,+00.000821,+00.001108*4A
1427198088.820117,$VNQMR,-0.510356,+0.859950,+0.002047,+0.004314,-01.0123,-01.9914,-03.5763,+00.099,-00.002,+09.703,+00.000627,+00.000443,+00.000260*4C
1427198088.841066,$VNQMR,-0.510367,+0.859944,+0.002046,+0.004312,-01.0056,-01.9986,-03.6057,+00.098,-00.022,+09.713,+00.000285,-00.000228,+00.000476*45
1427198088.861876,$VNQMR,-0.510378,+0.859937,+0.002050,+0.004312,-01.0085,-01.9989,-03.5245,+00.082,+00.010,+09.700,-00.000368,+00.000241,-00.000053*4D
1427198088.880129,$VNQMR,-0.510391,+0.859929,+0.002050,+0.004313,-01.0052,-01.9989,-03.5540,+00.070,+00.020,+09.716,-00.000036,-00.000668,+00.001478*4E
1427198088.900921,$VNQMR,-0.510402,+0.859923,+0.002048,+0.004313,-01.0123,-01.9987,-03.5615,+00.087,+00.008,+09.707,-00.000351,+00.000814,+00.000103*41
1427198088.921882,$VNQMR,-0.510422,+0.859911,+0.002050,+0.004318,-01.0191,-01.9841,-03.5544,+00.079,-00.003,+09.691,-00.000272,-00.001467,+00.001197*44
1427198088.940311,$VNQMR,-0.510439,+0.859901,+0.002061,+0.004321,-01.0116,-01.9550,-03.5396,+00.075,+00.001,+09.696,-00.000854,-00.000039,+00.001306*49
1427198088.961322,$VNQMR,-0.510469,+0.859883,+0.002072,+0.004325,-01.0188,-01.9695,-03.5397,+00.063,-00.005,+09.686,-00.000676,-00.000219,+00.000650*40
1427198088.981290,$VNQMR,-0.510494,+0.859868,+0.002078,+0.004322,-01.0194,-02.0060,-03.5690,+00.082,-00.014,+09.686,-00.000797,+00.000384,+00.000463*43
1427198089.001733,$VNQMR,-0.510519,+0.859853,+0.002079,+0.004327,-01.0190,-01.9841,-03.5433,+00.093,-00.006,+09.676,+00.000112,-00.000632,+00.000740*48
1427198089.020794,$VNQMR,-0.510543,+0.859839,+0.002079,+0.004327,-01.0189,-01.9768,-03.5396,+00.126,+00.002,+09.658,-00.001498,+00.000138,+00.000557*41
1427198089.040755,$VNQMR,-0.510567,+0.859824,+0.002092,+0.004324,-01.0257,-01.9695,-03.5250,+00.077,+00.003,+09.705,-00.001818,-00.000752,+00.001560*45
1427198089.061902,$VNQMR,-0.510599,+0.859805,+0.002105,+0.004325,-01.0120,-01.9879,-03.5358,+00.096,-00.003,+09.687,-00.000052,+00.000114,+00.001076*4A
1427198089.080311,$VNQMR,-0.510635,+0.859784,+0.002112,+0.004326,-01.0053,-01.9915,-03.5689,+00.084,+00.018,+09.740,-00.000766,-00.000210,-00.000521*4F
1427198089.100734,$VNQMR,-0.510666,+0.859766,+0.002111,+0.004325,-01.0050,-01.9917,-03.5319,+00.072,+00.002,+09.687,+00.000397,-00.000354,-00.000452*48
1427198089.120699,$VNQMR,-0.510697,+0.859747,+0.002101,+0.004329,-01.0052,-01.9915,-03.5615,+00.090,+00.028,+09.720,+00.001276,+00.000966,-00.000170*4E
1427198089.140704,$VNQMR,-0.510735,+0.859725,+0.002097,+0.004328,-01.0048,-01.9697,-03.5394,+00.061,+00.008,+09.680,+00.000076,+00.000691,+00.000748*46
1427198089.160684,$VNQMR,-0.510778,+0.859699,+0.002094,+0.004333,-01.0057,-02.0060,-03.5984,+00.139,+00.006,+09.686,+00.000913,-00.000976,+00.000512*42
1427198089.180643,$VNQMR,-0.510809,+0.859681,+0.002094,+0.004331,-01.0055,-02.0135,-03.5688,+00.070,-00.001,+09.700,-00.000939,-00.000235,+00.000780*49
1427198089.200542,$VNQMR,-0.510839,+0.859663,+0.002086,+0.004335,-01.0014,-01.9807,-03.5394,+00.078,+00.002,+09.716,+00.001526,-00.000467,+00.000851*43
1427198089.220556,$VNQMR,-0.510872,+0.859643,+0.002081,+0.004343,-01.0114,-01.9184,-03.5472,+00.072,+00.009,+09.670,+00.001434,-00.001471,+00.000931*47
1427198089.240244,$VNQMR,-0.510895,+0.859630,+0.002083,+0.004346,-00.9979,-01.9697,-03.5541,+00.107,+00.007,+09.692,+00.000242,+00.000213,+00.000962*46
1427198089.260499,$VNQMR,-0.510928,+0.859610,+0.002085,+0.004352,-01.0124,-02.0135,-03.5542,+00.094,+00.008,+09.675,+00.000247,-00.001264,-00.000197*45
1427198089.281466,$VNQMR,-0.510968,+0.859586,+0.002089,+0.004353,-01.0052,-01.9916,-03.5616,+00.075,+00.003,+09.724,+00.000347,-00.000471,+00.000868*4D
1427198089.302301,$VNQMR,-0.511010,+0.859562,+0.002096,+0.004354,-01.0125,-02.0134,-03.5690,+00.103,-00.005,+09.713,-00.000684,-00.000650,-00.000752*4D
1427198089.320564,$VNQMR,-0.511050,+0.859538,+0.002105,+0.004358,-01.0044,-01.9479,-03.5175,+00.045,-00.001,+09.704,-00.000500,-00.001955,+00.000618*41
1427198089.341431,$VNQMR,-0.511084,+0.859517,+0.002103,+0.004359,-01.0191,-01.9731,-03.5694,+00.081,-00.017,+09.672,+00.000660,+00.000239,-00.000834*40
1427198089.359996,$VNQMR,-0.511119,+0.859497,+0.002099,+0.004361,-01.0047,-01.9625,-03.5322,+00.098,-00.012,+09.699,+00.000940,-00.000745,+00.001703*42
1427198089.380756,$VNQMR,-0.511159,+0.859473,+0.002098,+0.004359,-01.0121,-01.9696,-03.5692,+00.115,-00.003,+09.699,-00.000092,+00.000773,+00.000595*4A
1427198089.401873,$VNQMR,-0.511197,+0.859450,+0.002102,+0.004359,-01.0048,-01.9698,-03.5359,+00.091,+00.009,+09.727,+00.000152,-00.000436,-00.000301*4E
1427198089.420124,$VNQMR,-0.511244,+0.859422,+0.002106,+0.004354,-00.9979,-01.9698,-03.5394,+00.087,+00.027,+09.682,-00.001497,+00.000075,-00.001104*40
1427198089.440859,$VNQMR,-0.511293,+0.859393,+0.002120,+0.004362,-01.0054,-02.0062,-03.5616,+00.073,-00.020,+09.697,-00.000527,-00.001685,+00.001940*4B
1427198089.461442,$VNQMR,-0.511336,+0.859367,+0.002144,+0.004369,-01.0123,-02.0062,-03.5469,+00.133,-00.012,+09.567,-00.005051,-00.003839,+00.000388*41
1427198089.480689,$VNQMR,-0.511390,+0.859335,+0.002132,+0.004362,-01.0122,-01.9806,-03.5655,+00.014,+00.026,+09.712,-00.000837,-00.001644,-00.000500*42
1427198089.500588,$VNQMR,-0.511450,+0.859299,+0.002186,+0.004367,-01.0055,-02.0136,-03.5615,+00.153,-00.000,+09.654,-00.004869,-00.002730,+00.000009*46
1427198089.520272,$VNQMR,-0.511479,+0.859281,+0.002389,+0.004396,-01.0251,-01.9184,-03.5181,+00.062,+00.023,+09.780,-00.028605,-00.020386,+00.001387*43
1427198089.540934,$VNQMR,-0.511486,+0.859277,+0.002482,+0.004415,-01.0189,-01.9696,-03.5473,+00.504,-00.566,+08.746,+00.100645,+00.073601,+00.000997*45
1427198089.561607,$VNQMR,-0.511506,+0.859265,+0.002476,+0.004416,-01.0118,-01.9551,-03.5472,+00.194,-00.145,+09.469,+00.030105,+00.022478,+00.000629*42
1427198089.581096,$VNQMR,-0.511540,+0.859243,+0.002826,+0.004448,-01.0048,-01.9625,-03.5396,+00.082,-00.066,+09.676,-00.009176,-00.006596,+00.000603*44
1427198089.602080,$VNQMR,-0.511570,+0.859228,+0.002216,+0.004390,-01.0193,-01.9914,-03.5693,+00.130,-00.029,+09.602,+00.168650,+00.121690,+00.002258*47
1427198089.620535,$VNQMR,-0.510956,+0.859593,+0.002152,+0.004397,-01.0053,-01.9843,-03.5765,+00.010,+00.263,+09.680,+00.003448,-00.000063,+00.136050*4D
1427198089.640853,$VNQMR,-0.509596,+0.860400,+0.002147,+0.004410,-01.0194,-01.9988,-03.5693,+00.111,-00.010,+09.729,+00.001266,-00.001083,+00.172409*41
1427198089.663225,$VNQMR,-0.508365,+0.861128,+0.002178,+0.004413,-01.0190,-01.9622,-03.5695,+00.049,+00.207,+09.696,-00.002020,-00.002211,+00.150838*4C
1427198089.680666,$VNQMR,-0.506953,+0.861960,+0.002184,+0.004418,-01.0368,-01.9729,-03.5845,+00.150,-00.144,+09.707,+00.004537,+00.002821,+00.196328*43
1427198089.700385,$VNQMR,-0.505910,+0.862572,+0.002194,+0.004412,-01.0398,-01.9327,-03.5774,+00.082,+00.021,+09.680,+00.000265,-00.000171,+00.109191*46
1427198089.720490,$VNQMR,-0.502886,+0.864339,+0.002180,+0.004431,-01.0608,-01.9325,-03.5778,+00.012,+00.004,+09.718,+00.004222,-00.000950,+00.455598*45
1427198089.740779,$VNQMR,-0.499361,+0.866380,+0.002152,+0.004460,-01.0641,-01.9252,-03.5632,+00.101,+00.068,+09.699,+00.006984,+00.000019,+00.403940*40
1427198089.761150,$VNQMR,-0.494658,+0.869074,+0.002117,+0.004489,-01.0889,-01.9468,-03.5783,+00.186,-00.221,+09.709,+00.003642,-00.001461,+00.587972*43
1427198089.780804,$VNQMR,-0.489357,+0.872069,+0.002142,+0.004491,-01.1028,-01.9393,-03.5712,+00.103,-00.401,+09.694,+00.001497,-00.000952,+00.590925*4F
1427198089.800816,$VNQMR,-0.484560,+0.874744,+0.002172,+0.004486,-01.1371,-01.8731,-03.5722,+00.066,-00.025,+09.731,-00.002074,-00.000639,+00.537173*4C
1427198089.820778,$VNQMR,-0.480775,+0.876829,+0.002349,+0.004504,-01.1550,-01.8985,-03.5909,+00.110,-00.113,+09.759,-00.026817,-00.020894,+00.362617*43
1427198089.840773,$VNQMR,-0.478532,+0.878053,+0.003066,+0.004584,-01.1717,-01.8509,-03.5582,+00.058,-00.119,+09.686,-00.060094,-00.044575,+00.203664*48
1427198089.861347,$VNQMR,-0.477474,+0.878629,+0.003129,+0.004587,-01.1867,-01.9016,-03.6173,+00.160,+00.047,+09.717,+00.004437,+00.002491,+00.116941*4B
1427198089.881363,$VNQMR,-0.475564,+0.879664,+0.003126,+0.004596,-01.1828,-01.8688,-03.6100,+00.031,+00.226,+09.672,+00.004812,+00.001941,+00.290414*4B
1427198089.901425,$VNQMR,-0.472217,+0.881465,+0.003127,+0.004589,-01.2008,-01.9088,-03.6175,+00.140,-00.059,+09.649,-00.008429,-00.007681,+00.447074*48
1427198089.922351,$VNQMR,-0.467780,+0.883827,+0.003147,+0.004601,-01.2075,-01.8721,-03.6253,+00.022,+00.131,+09.650,+00.006343,-00.000734,+00.560409*47
1427198089.940768,$VNQMR,-0.462487,+0.886608,+0.003151,+0.004658,-01.2495,-01.8864,-03.6112,+00.128,+00.181,+09.711,+00.001204,-00.010042,+00.679154*49
1427198089.960666,$VNQMR,-0.456000,+0.889963,+0.002916,+0.004628,-01.2563,-01.8570,-03.6262,-00.154,+00.339,+09.751,+00.040002,+00.027095,+00.835897*40
1427198089.980441,$VNQMR,-0.448198,+0.893919,+0.002505,+0.004530,-01.3118,-01.8345,-03.5978,+00.105,+00.168,+09.723,+00.028675,+00.019106,+00.934906*41
1427198090.000347,$VNQMR,-0.441470,+0.897262,+0.002327,+0.004507,-01.3324,-01.8050,-03.5910,+00.228,-00.246,+09.685,+00.019793,+00.007210,+00.657409*4E
1427198090.020429,$VNQMR,-0.433820,+0.900985,+0.002180,+0.004548,-01.3637,-01.7791,-03.5954,-00.224,-00.107,+09.744,+00.006763,-00.003584,+00.939239*42
1427198090.041389,$VNQMR,-0.426989,+0.904242,+0.002202,+0.004593,-01.4019,-01.7530,-03.5999,+00.450,-00.259,+09.714,+00.003003,-00.006190,+00.623251*4E
1427198090.061276,$VNQMR,-0.421021,+0.907037,+0.002227,+0.004634,-01.4019,-01.7310,-03.6222,+00.052,-00.104,+09.682,+00.001560,-00.004824,+00.648636*49
1427198090.081194,$VNQMR,-0.415304,+0.909668,+0.002180,+0.004689,-01.4116,-01.6982,-03.5709,-00.301,+00.882,+09.669,+00.019176,-00.003089,+00.730545*4D
1427198090.101318,$VNQMR,-0.407424,+0.913224,+0.002143,+0.004767,-01.4566,-01.6502,-03.5646,-00.055,+00.145,+09.701,+00.002688,-00.008097,+00.831201*41
1427198090.121351,$VNQMR,-0.400114,+0.916450,+0.002171,+0.004777,-01.4713,-01.6864,-03.6090,+00.032,+00.058,+09.679,+00.000913,+00.000547,+00.856278*41
1427198090.142030,$VNQMR,-0.392336,+0.919807,+0.002178,+0.004764,-01.5050,-01.6132,-03.5435,+00.227,-00.248,+09.695,+00.005549,+00.001738,+00.815230*41
1427198090.160498,$VNQMR,-0.385049,+0.922882,+0.002184,+0.004736,-01.5294,-01.6019,-03.5514,+00.427,-00.444,+09.711,+00.005085,+00.002482,+00.736375*46
1427198090.181295,$VNQMR,-0.379471,+0.925189,+0.002194,+0.004728,-01.5470,-01.6127,-03.5517,+00.241,-00.134,+09.686,+00.003536,-00.001649,+00.543804*4F
1427198090.202160,$VNQMR,-0.374137,+0.927358,+0.002248,+0.004776,-01.5745,-01.5685,-03.5451,+00.095,+00.110,+09.672,+00.000748,-00.007547,+00.590788*4C
1427198090.220477,$VNQMR,-0.366435,+0.930428,+0.002274,+0.004839,-01.5777,-01.5502,-03.5341,+00.036,+00.552,+09.729,+00.005579,-00.008344,+01.038563*44
1427198090.240421,$VNQMR,-0.356689,+0.934208,+0.002309,+0.004875,-01.6160,-01.5168,-03.5535,-00.487,+00.102,+09.695,+00.005020,+00.002127,+00.919889*40
1427198090.260394,$VNQMR,-0.348212,+0.937400,+0.002310,+0.004873,-01.6642,-01.4725,-03.5177,+00.374,-00.163,+09.663,+00.007721,+00.000949,+00.988863*4E
1427198090.280467,$VNQMR,-0.339402,+0.940626,+0.002287,+0.004912,-01.6709,-01.4285,-03.5328,+00.438,+00.236,+09.717,+00.002541,-00.009774,+01.010739*46
1427198090.300821,$VNQMR,-0.329467,+0.944152,+0.002277,+0.004946,-01.6985,-01.3990,-03.5187,+00.063,+00.420,+09.617,-00.000352,-00.001054,+01.080682*40
1427198090.320461,$VNQMR,-0.317993,+0.948078,+0.002254,+0.004833,-01.7333,-01.3913,-03.5120,-00.153,-00.448,+09.887,-00.009073,-00.009840,+01.223140*49
1427198090.340493,$VNQMR,-0.308372,+0.951248,+0.002897,+0.005055,-01.7602,-01.2960,-03.4908,+00.244,-00.446,+09.748,-00.071812,-00.058459,+00.862628*40
1427198090.360457,$VNQMR,-0.301415,+0.953473,+0.003198,+0.005205,-01.7778,-01.2884,-03.5244,+00.096,-00.124,+09.654,+00.017823,+00.000188,+00.692234*48
1427198090.380199,$VNQMR,-0.294592,+0.955604,+0.002955,+0.005262,-01.7875,-01.2446,-03.4768,-00.498,+00.599,+09.915,+00.018460,+00.004854,+00.704189*4D
1427198090.400340,$VNQMR,-0.286568,+0.958043,+0.002543,+0.005152,-01.8157,-01.2515,-03.4995,-00.341,+00.586,+09.726,+00.049706,+00.021356,+00.962629*4C
1427198090.420653,$VNQMR,-0.277614,+0.960674,+0.002792,+0.005270,-01.8292,-01.2148,-03.4778,-00.184,-00.150,+09.667,+00.002302,+00.000511,+00.853833*4C
1427198090.440835,$VNQMR,-0.270113,+0.962812,+0.002418,+0.005142,-01.8422,-01.1196,-03.4785,-00.030,-00.185,+09.708,+00.054279,+00.033205,+00.814710*44
1427198090.460498,$VNQMR,-0.261032,+0.965314,+0.002357,+0.005121,-01.8426,-01.1488,-03.4931,+00.218,-00.448,+09.704,-00.000417,-00.002811,+01.029674*4A
1427198090.481461,$VNQMR,-0.253342,+0.967360,+0.002362,+0.005140,-01.8834,-01.0681,-03.4500,+00.109,-00.248,+09.676,+00.005671,-00.001674,+00.715395*49
1427198090.502343,$VNQMR,-0.245054,+0.969493,+0.002306,+0.005171,-01.8899,-01.0242,-03.4393,-00.129,+00.485,+09.668,+00.011479,-00.000308,+00.941467*40
1427198090.521316,$VNQMR,-0.235004,+0.971978,+0.002244,+0.005182,-01.8969,-01.0167,-03.4505,+00.216,-00.524,+09.710,+00.023309,+00.004502,+01.029560*4F
1427198090.541337,$VNQMR,-0.224344,+0.974494,+0.002150,+0.005209,-01.9240,-00.9580,-03.4144,+00.028,+00.685,+09.666,+00.005303,-00.002584,+01.284423*43
1427198090.561282,$VNQMR,-0.212853,+0.977068,+0.002176,+0.005213,-01.9411,-00.9140,-03.4186,-00.024,-00.051,+09.690,+00.007559,-00.004162,+01.106712*47
1427198090.582440,$VNQMR,-0.201327,+0.979507,+0.002306,+0.005283,-01.9584,-00.8992,-03.4080,+00.286,-00.135,+09.600,-00.003509,-00.011881,+01.211071*49
1427198090.600684,$VNQMR,-0.189031,+0.981954,+0.002346,+0.005311,-01.9783,-00.8039,-03.3941,+00.426,+00.180,+09.696,+00.004392,+00.000034,+01.358107*41
1427198090.621471,$VNQMR,-0.175145,+0.984526,+0.002309,+0.005312,-01.9919,-00.7892,-03.3722,+00.177,+00.461,+09.668,+00.014684,-00.001775,+01.474070*40
1427198090.642457,$VNQMR,-0.161028,+0.986933,+0.002242,+0.005331,-02.0254,-00.6720,-03.3365,+00.276,-00.730,+09.694,+00.022430,+00.000589,+01.337694*40
1427198090.660884,$VNQMR,-0.147974,+0.988974,+0.002210,+0.005355,-02.0116,-00.6573,-03.3733,+00.314,+00.043,+09.649,-00.009743,-00.013765,+01.378564*41
1427198090.681656,$VNQMR,-0.134950,+0.990835,+0.002290,+0.005410,-02.0384,-00.5694,-03.3373,+00.018,+00.022,+09.671,+00.005462,-00.005964,+01.272461*4E
1427198090.700022,$VNQMR,-0.124673,+0.992180,+0.002304,+0.005481,-02.0588,-00.5143,-03.3343,+00.053,-00.521,+09.738,+00.008740,-00.007979,+00.882699*46
1427198090.720773,$VNQMR,-0.117345,+0.993073,+0.002296,+0.005503,-02.0656,-00.4887,-03.3382,-00.083,+00.135,+09.691,+00.004263,-00.002473,+00.690920*42
1427198090.740435,$VNQMR,-0.110294,+0.993881,+0.002287,+0.005507,-02.0516,-00.4962,-03.3306,+00.065,+00.546,+09.708,+00.006143,-00.000333,+00.747926*48
1427198090.760797,$VNQMR,-0.102082,+0.994759,+0.002259,+0.005448,-02.0653,-00.4520,-03.3532,+00.070,+00.121,+09.686,+00.007308,+00.006367,+00.791783*42
1427198090.781438,$VNQMR,-0.094572,+0.995501,+0.002244,+0.005415,-02.0788,-00.4007,-03.3538,+00.145,-00.216,+09.696,+00.003565,-00.000508,+00.712195*4A
1427198090.801988,$VNQMR,-0.088452,+0.996063,+0.002230,+0.005411,-02.0572,-00.3718,-03.3166,+00.235,-00.189,+09.694,+00.004754,-00.001058,+00.542114*4C
1427198090.820538,$VNQMR,-0.083822,+0.996464,+0.002204,+0.005397,-02.0781,-00.3569,-03.3244,-00.057,-00.052,+09.695,+00.005109,-00.000406,+00.435991*4B
1427198090.841380,$VNQMR,-0.079364,+0.996829,+0.002192,+0.005403,-02.0887,-00.3494,-03.3468,-00.005,+00.120,+09.698,+00.004368,-00.000628,+00.511291*48
1427198090.860561,$VNQMR,-0.072783,+0.997331,+0.002173,+0.005387,-02.0852,-00.3568,-03.3320,+00.199,+00.348,+09.706,+00.006446,+00.001051,+00.744840*42
1427198090.880590,$VNQMR,-0.061053,+0.998117,+0.002217,+0.005417,-02.1120,-00.2688,-03.3034,+00.388,+00.278,+09.629,+00.006001,-00.004850,+01.391454*4E
1427198090.900513,$VNQMR,-0.049497,+0.998757,+0.002183,+0.005446,-02.1049,-00.2286,-03.3293,+00.020,-00.434,+09.682,+00.008682,-00.008205,+00.947294*4C
1427198090.920475,$VNQMR,-0.041654,+0.999114,+0.002177,+0.005556,-02.1117,-00.1955,-03.3481,+00.091,-00.167,+09.697,+00.005702,-00.018311,+00.741895*44
1427198090.940433,$VNQMR,-0.036317,+0.999323,+0.002181,+0.005566,-02.0969,-00.1520,-03.3037,+00.020,+00.101,+09.703,+00.001958,-00.000120,+00.503744*46
1427198090.960554,$VNQMR,-0.029228,+0.999555,+0.002152,+0.005555,-02.1110,-00.1591,-03.3113,+00.117,+00.452,+09.720,+00.008103,-00.000471,+00.863927*4F
1427198090.980845,$VNQMR,-0.017138,+0.999835,+0.002166,+0.005563,-02.0959,-00.0569,-03.3042,+00.107,+00.078,+09.808,+00.004233,-00.005513,+01.407901*41
1427198091.001613,$VNQMR,-0.003573,+0.999975,+0.002217,+0.005614,-02.1101,-00.0566,-03.3266,+00.160,-00.957,+09.537,+00.014471,-00.004673,+01.261014*4F
1427198091.020125,$VNQMR,+0.005992,+0.999964,+0.002188,+0.005689,-02.1025,+00.0238,-03.3491,+00.169,-00.313,+09.693,+00.009718,-00.003201,+00.770272*40
1427198091.041061,$VNQMR,+0.013890,+0.999885,+0.002191,+0.005700,-02.1195,+00.0679,-03.3459,+00.124,-00.353,+09.749,+00.008114,+00.000041,+00.739073*40
1427198091.061854,$VNQMR,+0.020105,+0.999779,+0.002181,+0.005706,-02.1154,+00.1116,-03.3202,-00.102,+00.187,+09.671,-00.002032,-00.009168,+00.570692*4B
1427198091.080278,$VNQMR,+0.026005,+0.999642,+0.002282,+0.005801,-02.1233,+00.0754,-03.3867,+00.097,-00.080,+09.626,-00.013247,-00.016598,+00.565234*47
1427198091.100694,$VNQMR,+0.031627,+0.999480,+0.002274,+0.005801,-02.1187,+00.1410,-03.3426,+00.041,-00.121,+09.689,+00.006317,-00.001374,+00.566908*42
1427198091.121616,$VNQMR,+0.036609,+0.999310,+0.002241,+0.005784,-02.1227,+00.1045,-03.3499,+00.144,+00.028,+09.691,+00.004189,-00.000863,+00.478900*44
1427198091.140043,$VNQMR,+0.042435,+0.999080,+0.002267,+0.005813,-02.1221,+00.1483,-03.3353,+00.105,+00.193,+09.748,-00.004317,-00.007735,+00.711238*49
1427198091.160939,$VNQMR,+0.049721,+0.998744,+0.002230,+0.005764,-02.0934,+00.1991,-03.3129,-00.101,+00.143,+09.699,+00.009838,+00.007772,+00.779936*49
1427198091.181757,$VNQMR,+0.058548,+0.998265,+0.002250,+0.005770,-02.1004,+00.2176,-03.3353,+00.403,+00.152,+09.713,-00.007244,-00.010627,+00.894058*40
1427198091.200145,$VNQMR,+0.068269,+0.997647,+0.002389,+0.005897,-02.0787,+00.2795,-03.3204,+00.344,+00.130,+09.752,-00.001142,-00.007857,+01.041723*49
1427198091.221150,$VNQMR,+0.080041,+0.996772,+0.002221,+0.005789,-02.0925,+00.3016,-03.3282,+00.288,+00.246,+09.791,+00.023427,+00.005889,+01.266231*4D
1427198091.242163,$VNQMR,+0.092811,+0.995665,+0.002162,+0.005784,-02.0920,+00.3638,-03.3396,+00.050,+00.479,+10.047,-00.015854,-00.020420,+01.353569*44
1427198091.260462,$VNQMR,+0.107555,+0.994179,+0.002230,+0.005928,-02.0840,+00.4698,-03.3511,+00.123,-00.620,+09.700,+00.032399,-00.007627,+01.469876*45
1427198091.281356,$VNQMR,+0.121448,+0.992579,+0.002047,+0.005785,-02.0690,+00.5427,-03.3143,-00.276,+00.512,+09.680,+00.025126,+00.007752,+01.392602*41
1427198091.302256,$VNQMR,+0.135499,+0.990758,+0.002058,+0.005880,-02.0336,+00.5862,-03.3212,-00.142,+00.489,+09.665,+00.004878,-00.017606,+01.519164*44
1427198091.320635,$VNQMR,+0.149536,+0.988737,+0.002078,+0.005917,-02.0196,+00.6080,-03.3358,+00.048,-00.940,+09.750,+00.013608,-00.001652,+01.221428*4A
1427198091.341614,$VNQMR,+0.161264,+0.986892,+0.001955,+0.005799,-02.0046,+00.6662,-03.2842,-00.280,-00.172,+09.693,+00.019082,+00.006962,+01.131635*4C
1427198091.359991,$VNQMR,+0.171326,+0.985196,+0.001921,+0.005773,-01.9615,+00.7754,-03.2839,-00.063,-00.141,+09.697,+00.004798,-00.004019,+01.007631*4A
1427198091.380966,$VNQMR,+0.181239,+0.983420,+0.001976,+0.005853,-01.9508,+00.7752,-03.2579,+00.154,-00.557,+09.681,-00.003607,-00.012847,+00.894572*49
1427198091.401760,$VNQMR,+0.188943,+0.981968,+0.001991,+0.005906,-01.9465,+00.8336,-03.2396,-00.139,+00.370,+09.777,+00.011488,+00.000632,+00.825360*4F
1427198091.420101,$VNQMR,+0.196985,+0.980387,+0.001928,+0.005863,-01.8974,+00.8183,-03.2017,+00.125,+00.674,+09.755,+00.011634,+00.002424,+00.868023*4F
1427198091.441001,$VNQMR,+0.207485,+0.978219,+0.001898,+0.005834,-01.8970,+00.8585,-03.1982,+00.449,+00.152,+09.847,-00.017753,-00.020411,+01.154206*42
1427198091.461620,$VNQMR,+0.219900,+0.975503,+0.001960,+0.005887,-01.8479,+00.8836,-03.2233,+00.286,-00.454,+09.673,-00.001492,-00.005007,+01.229680*46
1427198091.481353,$VNQMR,+0.229420,+0.973308,+0.001927,+0.005861,-01.8395,+00.9637,-03.1496,+00.154,-00.561,+09.727,+00.014864,+00.002432,+00.832162*4E
1427198091.502196,$VNQMR,+0.236677,+0.971569,+0.001943,+0.005900,-01.8199,+00.8612,-03.1857,+00.325,-00.250,+09.563,+00.001334,-00.005884,+00.663112*4A
1427198091.520677,$VNQMR,+0.244048,+0.969743,+0.002008,+0.005965,-01.8081,+00.9891,-03.1898,+00.052,+00.398,+09.639,-00.000189,-00.004068,+00.845023*42
1427198091.541592,$VNQMR,+0.252394,+0.967604,+0.001991,+0.005966,-01.8115,+00.9928,-03.1789,+00.034,+00.268,+09.816,-00.007175,-00.014456,+00.892911*41
1427198091.560757,$VNQMR,+0.261998,+0.965048,+0.001939,+0.005940,-01.7690,+01.0508,-03.1858,-00.020,+00.161,+09.690,+00.018437,+00.003101,+01.017017*43
1427198091.581553,$VNQMR,+0.273019,+0.961989,+0.001869,+0.005878,-01.7549,+01.0763,-03.2004,+00.129,-00.007,+09.797,+00.000224,-00.009930,+01.210304*44
1427198091.602372,$VNQMR,+0.284929,+0.958528,+0.001898,+0.005936,-01.7194,+01.1308,-03.2074,+00.096,-00.417,+09.620,+00.017575,-00.000036,+01.295283*48
1427198091.620650,$VNQMR,+0.295651,+0.955276,+0.001829,+0.005921,-01.6909,+01.1597,-03.1849,+00.257,-00.297,+09.519,+00.012924,-00.002739,+01.038599*4B
1427198091.641765,$VNQMR,+0.304664,+0.952441,+0.001712,+0.005806,-01.6691,+01.2252,-03.1627,+00.203,-00.078,+09.674,+00.015039,+00.002633,+00.936612*44
1427198091.660303,$VNQMR,+0.314646,+0.949189,+0.001725,+0.005840,-01.6268,+01.2613,-03.1621,-00.156,+00.282,+09.684,-00.010214,-00.017288,+01.104445*46
1427198091.680891,$VNQMR,+0.325093,+0.945662,+0.001754,+0.005905,-01.6123,+01.2977,-03.1546,+00.016,-00.129,+09.641,+00.010750,-00.001724,+01.091520*47
1427198091.701812,$VNQMR,+0.336142,+0.941792,+0.001700,+0.005845,-01.5843,+01.3120,-03.1615,+00.237,-00.269,+09.620,+00.025795,+00.006001,+01.194976*40
1427198091.720540,$VNQMR,+0.348552,+0.937270,+0.001606,+0.005778,-01.5423,+01.3520,-03.2053,+00.405,+00.320,+09.632,+00.008030,-00.007121,+01.412320*44
1427198091.741570,$VNQMR,+0.361297,+0.932431,+0.001675,+0.005909,-01.5065,+01.3989,-03.1680,+00.189,-00.622,+09.642,-00.001877,-00.011466,+01.274202*4C
1427198091.762380,$VNQMR,+0.372251,+0.928112,+0.001627,+0.005858,-01.4714,+01.4205,-03.1748,+00.027,+00.453,+09.830,-00.002258,-00.015973,+01.182810*42
1427198091.780752,$VNQMR,+0.383323,+0.923595,+0.001559,+0.005832,-01.4500,+01.4679,-03.1894,-00.277,-00.237,+09.718,+00.019491,+00.001884,+01.131862*46
1427198091.801612,$VNQMR,+0.392887,+0.919568,+0.001480,+0.005755,-01.4153,+01.4934,-03.2480,-00.202,+00.366,+09.587,+00.024606,+00.007309,+01.056642*4E
1427198091.820087,$VNQMR,+0.402800,+0.915269,+0.001426,+0.005687,-01.3787,+01.5804,-03.1592,+00.366,-00.318,+09.681,+00.004113,-00.004993,+01.056188*4E
1427198091.841211,$VNQMR,+0.411043,+0.911597,+0.001445,+0.005724,-01.3371,+01.5507,-03.1730,+00.313,-00.389,+09.709,+00.006405,-00.000687,+00.867641*49
1427198091.861996,$VNQMR,+0.418958,+0.907986,+0.001478,+0.005774,-01.3050,+01.5941,-03.1431,+00.112,-00.205,+09.661,+00.004135,-00.003663,+00.884276*46
1427198091.880579,$VNQMR,+0.427450,+0.904020,+0.001443,+0.005730,-01.2667,+01.5938,-03.1719,-00.071,+00.013,+09.692,+00.008687,-00.000210,+00.955116*41
1427198091.901311,$VNQMR,+0.436341,+0.899762,+0.001425,+0.005707,-01.2451,+01.6373,-03.1422,+00.028,+00.695,+09.732,+00.007368,-00.001452,+01.050517*47
1427198091.922281,$VNQMR,+0.446943,+0.894544,+0.001397,+0.005682,-01.2135,+01.6406,-03.1380,-00.155,+00.433,+09.738,+00.004444,-00.008896,+01.220950*48
1427198091.940581,$VNQMR,+0.456728,+0.889588,+0.001360,+0.005658,-01.1528,+01.7386,-03.1115,-00.094,+00.186,+09.779,+00.009346,-00.003492,+01.051143*45
1427198091.961517,$VNQMR,+0.465693,+0.884927,+0.001364,+0.005727,-01.1107,+01.7086,-03.0514,-00.215,-00.195,+09.750,-00.001565,-00.011402,+00.999257*4E
1427198091.981032,$VNQMR,+0.472499,+0.881312,+0.001355,+0.005721,-01.0755,+01.7154,-03.0360,+00.139,-01.081,+09.664,+00.008707,+00.000932,+00.586225*48
1427198092.001092,$VNQMR,+0.476545,+0.879131,+0.001310,+0.005670,-01.0614,+01.7226,-03.0358,-00.069,+00.111,+09.657,+00.006975,-00.000622,+00.446946*46
1427198092.021960,$VNQMR,+0.482178,+0.876054,+0.001290,+0.005657,-01.0474,+01.7298,-03.0430,+00.454,+00.764,+09.646,+00.003339,-00.004022,+00.804906*4D
1427198092.040294,$VNQMR,+0.490762,+0.871275,+0.001230,+0.005632,-00.9980,+01.7437,-03.0052,+00.403,+00.173,+09.711,+00.012712,-00.004371,+01.024940*41
1427198092.063261,$VNQMR,+0.497823,+0.867260,+0.001197,+0.005611,-00.9665,+01.7507,-03.0120,+00.066,-01.067,+09.712,-00.002473,+00.000035,+00.644550*4B
1427198092.081550,$VNQMR,+0.500900,+0.865487,+0.001220,+0.005596,-00.9629,+01.7580,-03.0120,-00.678,-00.952,+09.677,+00.004501,+00.001526,+00.169260*40
1427198092.102421,$VNQMR,+0.501132,+0.865354,+0.001081,+0.005290,-00.9411,+01.8161,-02.9824,+00.059,-00.182,+09.524,+00.072525,+00.052629,-00.004761*47
1427198092.120561,$VNQMR,+0.500466,+0.865737,+0.001223,+0.005636,-00.9559,+01.7395,-02.9822,+00.157,-00.025,+09.287,-00.091969,-00.066325,-00.133607*42
1427198092.141539,$VNQMR,+0.500300,+0.865832,+0.001223,+0.005669,-00.9627,+01.7726,-03.0047,+00.096,-00.075,+09.669,-00.001292,-00.003324,+00.001797*47
1427198092.162313,$VNQMR,+0.500313,+0.865825,+0.001211,+0.005656,-00.9559,+01.7505,-02.9971,+00.216,-00.060,+09.669,+00.007939,+00.004921,-00.002086*4B
1427198092.180527,$VNQMR,+0.500295,+0.865839,+0.000995,+0.005183,-00.9491,+01.7285,-02.9968,+00.170,-00.457,+09.798,+00.084025,+00.060634,-00.021176*47
1427198092.200798,$VNQMR,+0.498574,+0.866831,+0.000996,+0.005201,-00.9630,+01.7617,-03.0232,+00.381,-01.164,+09.551,+00.002623,+00.004014,-00.325902*4F
1427198092.221752,$VNQMR,+0.494655,+0.869074,+0.001017,+0.005201,-00.9776,+01.7217,-03.0417,-00.073,-00.012,+09.729,+00.001250,+00.003811,-00.461567*47
1427198092.240954,$VNQMR,+0.491400,+0.870918,+0.001046,+0.005223,-00.9983,+01.7439,-03.0422,+00.013,+00.518,+09.798,-00.008980,-00.000095,-00.299140*4C
1427198092.260915,$VNQMR,+0.489473,+0.871999,+0.001313,+0.005743,-01.0126,+01.7442,-03.0720,-00.390,+00.126,+09.150,-00.009974,-00.004118,-00.175026*44
1427198092.281899,$VNQMR,+0.487976,+0.872837,+0.001328,+0.005761,-01.0192,+01.7882,-03.0798,+00.282,-00.757,+09.735,-00.003526,-00.001859,-00.213853*46
1427198092.300365,$VNQMR,+0.484389,+0.874833,+0.001302,+0.005713,-01.0399,+01.8103,-03.0729,+00.317,-00.880,+09.664,+00.005807,+00.008014,-00.528292*49
1427198092.321288,$VNQMR,+0.478622,+0.878002,+0.001300,+0.005587,-01.0834,+01.7160,-03.1397,+00.598,-01.028,+09.716,+00.002063,+00.010529,-00.711251*45
1427198092.341887,$VNQMR,+0.470413,+0.882428,+0.001295,+0.005597,-01.0900,+01.7747,-03.1623,-00.030,-00.666,+09.742,-00.011939,+00.002544,-01.066013*42
1427198092.360473,$VNQMR,+0.459770,+0.888018,+0.001382,+0.005769,-01.1680,+01.7320,-03.2374,-00.075,-00.030,+09.652,-00.028466,-00.021288,-01.253268*42
1427198092.381270,$VNQMR,+0.449118,+0.893455,+0.001246,+0.005496,-01.2172,+01.7621,-03.3051,-00.463,+00.700,+09.877,-00.012701,-00.010834,-01.124937*40
1427198092.402368,$VNQMR,+0.440427,+0.897769,+0.001387,+0.005748,-01.2634,+01.7446,-03.3686,-00.150,+00.640,+09.400,-00.016594,-00.001249,-00.877123*4B
1427198092.420757,$VNQMR,+0.434202,+0.900796,+0.001443,+0.005822,-01.3030,+01.6905,-03.4393,-00.100,+00.721,+09.401,+00.000871,+00.009189,-00.589075*4E
1427198092.441544,$VNQMR,+0.430527,+0.902557,+0.001491,+0.005859,-01.3164,+01.7491,-03.4325,-00.119,+00.601,+09.667,+00.001806,+00.004906,-00.301302*47
1427198092.462493,$VNQMR,+0.428925,+0.903320,+0.001496,+0.005863,-01.3237,+01.7273,-03.4473,-00.026,+00.359,+09.647,+00.000608,+00.001249,-00.110484*4A
1427198092.480928,$VNQMR,+0.428518,+0.903513,+0.001500,+0.005862,-01.3247,+01.6763,-03.4988,+00.060,+00.008,+09.668,-00.000094,+00.000428,-00.019664*45
1427198092.501815,$VNQMR,+0.428407,+0.903566,+0.001499,+0.005862,-01.3382,+01.6763,-03.4473,+00.131,-00.096,+09.689,-00.000561,+00.000561,-00.013160*49
1427198092.520301,$VNQMR,+0.428194,+0.903667,+0.001499,+0.005854,-01.3313,+01.6836,-03.4620,+00.120,-00.188,+09.658,-00.000040,+00.001661,-00.036690*4B
1427198092.540897,$VNQMR,+0.427904,+0.903804,+0.001497,+0.005851,-01.3485,+01.7167,-03.4625,+00.109,-00.087,+09.692,-00.000162,-00.000189,-00.030269*44
1427198092.561428,$VNQMR,+0.427619,+0.903939,+0.001495,+0.005856,-01.3383,+01.6984,-03.4844,+00.049,+00.062,+09.719,-00.000593,-00.000132,-00.028114*41
1427198092.580647,$VNQMR,+0.427383,+0.904050,+0.001499,+0.005860,-01.3239,+01.7274,-03.4695,+00.095,-00.141,+09.704,+00.000240,+00.000712,-00.038130*49
1427198092.601614,$VNQMR,+0.427064,+0.904201,+0.001496,+0.005859,-01.3449,+01.7276,-03.4625,+00.084,-00.077,+09.714,+00.000107,+00.000211,-00.039448*40
1427198092.622565,$VNQMR,+0.426792,+0.904330,+0.001497,+0.005864,-01.3450,+01.7424,-03.4921,+00.085,-00.008,+09.681,-00.000696,-00.000318,-00.024989*4E
1427198092.640867,$VNQMR,+0.426613,+0.904414,+0.001493,+0.005866,-01.3524,+01.6839,-03.4772,+00.139,-00.158,+09.683,+00.000069,+00.000282,-00.025290*4C
1427198092.665414,$VNQMR,+0.426234,+0.904593,+0.001493,+0.005858,-01.3592,+01.6985,-03.4700,+00.054,-00.064,+09.666,+00.000192,+00.001529,-00.040128*4E
1427198092.680640,$VNQMR,+0.426065,+0.904672,+0.001485,+0.005853,-01.3453,+01.7058,-03.4846,+00.062,-00.106,+09.685,+00.000966,+00.000879,-00.013885*4E
1427198092.701562,$VNQMR,+0.425849,+0.904774,+0.001489,+0.005844,-01.3521,+01.7131,-03.4700,+00.069,-00.184,+09.658,+00.001116,+00.002856,-00.040186*4D
1427198092.722381,$VNQMR,+0.425496,+0.904941,+0.001489,+0.005828,-01.3314,+01.6910,-03.4769,+00.127,+00.010,+09.703,-00.000507,+00.001068,-00.040252*45
1427198092.740516,$VNQMR,+0.425145,+0.905105,+0.001486,+0.005827,-01.3455,+01.7059,-03.5105,+00.153,-00.172,+09.678,-00.000042,-00.000129,-00.054510*43
1427198092.761440,$VNQMR,+0.424556,+0.905382,+0.001484,+0.005824,-01.3518,+01.7424,-03.4702,+00.071,-00.036,+09.692,-00.000597,-00.000001,-00.066914*45
1427198092.782180,$VNQMR,+0.424012,+0.905637,+0.001480,+0.005821,-01.3528,+01.6693,-03.4994,+00.036,-00.015,+09.642,+00.000642,+00.000924,-00.055725*41
1427198092.800582,$VNQMR,+0.423683,+0.905790,+0.001474,+0.005818,-01.3527,+01.6840,-03.5068,+00.108,-00.139,+09.681,+00.001513,+00.000026,-00.039223*49
1427198092.821578,$VNQMR,+0.423226,+0.906004,+0.001471,+0.005809,-01.3738,+01.6843,-03.5220,+00.134,-00.041,+09.688,-00.000047,-00.000063,-00.056182*42
1427198092.842418,$VNQMR,+0.422891,+0.906161,+0.001461,+0.005805,-01.3665,+01.6914,-03.4923,+00.035,-00.075,+09.675,+00.000646,+00.000264,-00.028495*44
1427198092.860870,$VNQMR,+0.422686,+0.906256,+0.001466,+0.005798,-01.3594,+01.6913,-03.4848,+00.051,-00.105,+09.704,+00.001256,+00.000748,-00.023884*4A
1427198092.881784,$VNQMR,+0.422417,+0.906382,+0.001462,+0.005787,-01.3245,+01.7057,-03.5101,+00.103,+00.158,+09.685,-00.000041,+00.001022,-00.036883*4E
1427198092.900220,$VNQMR,+0.422303,+0.906435,+0.001452,+0.005792,-01.3734,+01.7062,-03.4999,+00.062,-00.052,+09.688,+00.000027,+00.000383,-00.006498*41
1427198092.921017,$VNQMR,+0.422295,+0.906439,+0.001455,+0.005789,-01.3524,+01.6986,-03.4921,+00.060,-00.120,+09.695,-00.000008,+00.000773,-00.000410*40
1427198092.941856,$VNQMR,+0.422328,+0.906424,+0.001457,+0.005795,-01.3770,+01.6915,-03.4925,+00.060,-00.098,+09.709,-00.000130,-00.001012,+00.000417*43
1427198092.960228,$VNQMR,+0.422349,+0.906414,+0.001453,+0.005798,-01.3595,+01.7134,-03.5145,+00.061,-00.025,+09.693,-00.000937,-00.001091,-00.002068*4B
1427198092.981187,$VNQMR,+0.422347,+0.906414,+0.001446,+0.005803,-01.3662,+01.7133,-03.4851,+00.091,-00.048,+09.698,-00.000122,-00.001015,-00.004329*42
1427198093.002118,$VNQMR,+0.422296,+0.906438,+0.001447,+0.005809,-01.3737,+01.6990,-03.5295,+00.138,-00.154,+09.703,-00.000203,-00.000402,-00.013124*4F
1427198093.020770,$VNQMR,+0.422175,+0.906495,+0.001443,+0.005806,-01.3878,+01.6845,-03.5223,+00.114,-00.061,+09.681,+00.000843,+00.001133,-00.011170*44
1427198093.040495,$VNQMR,+0.422110,+0.906525,+0.001437,+0.005805,-01.3662,+01.7207,-03.4925,+00.124,-00.052,+09.707,-00.000761,-00.000214,-00.009087*4D
1427198093.061364,$VNQMR,+0.422041,+0.906557,+0.001430,+0.005810,-01.3599,+01.6769,-03.5218,+00.112,-00.069,+09.714,+00.000832,+00.000102,-00.014076*41
1427198093.081593,$VNQMR,+0.421877,+0.906633,+0.001427,+0.005813,-01.3704,+01.6916,-03.5331,+00.090,-00.059,+09.700,+00.001489,-00.000819,-00.021768*4A
1427198093.100292,$VNQMR,+0.421675,+0.906727,+0.001428,+0.005815,-01.3795,+01.7940,-03.4932,+00.039,-00.042,+09.731,+00.000317,-00.001029,-00.021184*4D
1427198093.121148,$VNQMR,+0.421602,+0.906761,+0.001434,+0.005812,-01.3800,+01.7428,-03.4929,+00.070,-00.095,+09.728,+00.000208,+00.001112,-00.005650*48
1427198093.142061,$VNQMR,+0.421530,+0.906795,+0.001435,+0.005815,-01.3666,+01.6915,-03.4998,+00.140,-00.095,+09.680,-00.000770,+00.000618,-00.013993*47
1427198093.160368,$VNQMR,+0.421419,+0.906846,+0.001427,+0.005817,-01.3874,+01.7137,-03.5003,+00.123,-00.040,+09.676,-00.000126,+00.000050,-00.013330*4B
1427198093.180338,$VNQMR,+0.421324,+0.906890,+0.001426,+0.005815,-01.3869,+01.7502,-03.4931,+00.063,-00.057,+09.693,+00.000386,+00.000659,-00.009035*49
1427198093.200783,$VNQMR,+0.421288,+0.906907,+0.001428,+0.005811,-01.3876,+01.6991,-03.5076,+00.045,-00.080,+09.675,-00.000161,+00.000733,-00.003706*42
1427198093.220750,$VNQMR,+0.421278,+0.906912,+0.001433,+0.005804,-01.3808,+01.6844,-03.5222,+00.073,-00.084,+09.693,+00.000114,+00.000018,-00.002760*46
1427198093.241050,$VNQMR,+0.421275,+0.906913,+0.001435,+0.005799,-01.3948,+01.6846,-03.5225,+00.084,-00.045,+09.689,+00.000138,+00.000675,-00.001572*48
1427198093.261846,$VNQMR,+0.421286,+0.906908,+0.001428,+0.005802,-01.3736,+01.6916,-03.5000,+00.109,-00.102,+09.704,+00.000145,-00.000572,-00.001049*4E
1427198093.280278,$VNQMR,+0.421311,+0.906896,+0.001429,+0.005804,-01.3876,+01.7138,-03.5336,+00.086,-00.087,+09.645,-00.000983,-00.000209,-00.000037*41
1427198093.301072,$VNQMR,+0.421340,+0.906883,+0.001424,+0.005810,-01.3741,+01.6771,-03.5442,+00.096,-00.074,+09.731,+00.000251,-00.000596,-00.000036*41
